-1.000000000000000000e+02 -3.734333333333333139e+05 -1.000000000000000000e+02
-9.900000000000000000e+01 -3.627359981511995429e+05 -9.900000000000000000e+01
-9.800000000000000000e+01 -3.522446648178662290e+05 -9.800000000000000000e+01
-9.700000000000000000e+01 -3.419573314845330315e+05 -9.700000000000000000e+01
-9.600000000000000000e+01 -3.318719981511997757e+05 -9.600000000000000000e+01
-9.500000000000000000e+01 -3.219866648178664036e+05 -9.500000000000000000e+01
-9.400000000000000000e+01 -3.122993314845329733e+05 -9.400000000000000000e+01
-9.300000000000000000e+01 -3.028079981511996011e+05 -9.300000000000000000e+01
-9.200000000000000000e+01 -2.935106648178662290e+05 -9.200000000000000000e+01
-9.100000000000000000e+01 -2.844053314845328568e+05 -9.100000000000000000e+01
-9.000000000000000000e+01 -2.754899981511995429e+05 -9.000000000000000000e+01
-8.900000000000000000e+01 -2.667626648178661708e+05 -8.900000000000000000e+01
-8.800000000000000000e+01 -2.582213314845328277e+05 -8.800000000000000000e+01
-8.700000000000000000e+01 -2.498639981511995138e+05 -8.700000000000000000e+01
-8.600000000000000000e+01 -2.416886648178661708e+05 -8.600000000000000000e+01
-8.500000000000000000e+01 -2.336933314845328568e+05 -8.500000000000000000e+01
-8.400000000000000000e+01 -2.258759981511995138e+05 -8.400000000000000000e+01
-8.300000000000000000e+01 -2.182346648178661708e+05 -8.300000000000000000e+01
-8.200000000000000000e+01 -2.107673314845328568e+05 -8.200000000000000000e+01
-8.100000000000000000e+01 -2.034719981511995138e+05 -8.100000000000000000e+01
-8.000000000000000000e+01 -1.963466648178661708e+05 -8.000000000000000000e+01
-7.900000000000000000e+01 -1.893893314845328568e+05 -7.900000000000000000e+01
-7.800000000000000000e+01 -1.825979981511995138e+05 -7.800000000000000000e+01
-7.700000000000000000e+01 -1.759706648178661999e+05 -7.700000000000000000e+01
-7.600000000000000000e+01 -1.695053314845328568e+05 -7.600000000000000000e+01
-7.500000000000000000e+01 -1.631999981511995429e+05 -7.500000000000000000e+01
-7.400000000000000000e+01 -1.570526648178661999e+05 -7.400000000000000000e+01
-7.300000000000000000e+01 -1.510613314845328568e+05 -7.300000000000000000e+01
-7.200000000000000000e+01 -1.452239981511995429e+05 -7.200000000000000000e+01
-7.100000000000000000e+01 -1.395386648178662290e+05 -7.100000000000000000e+01
-7.000000000000000000e+01 -1.340033314845328860e+05 -7.000000000000000000e+01
-6.900000000000000000e+01 -1.286159981511995429e+05 -6.900000000000000000e+01
-6.800000000000000000e+01 -1.233746648178662290e+05 -6.800000000000000000e+01
-6.700000000000000000e+01 -1.182773314845328860e+05 -6.700000000000000000e+01
-6.600000000000000000e+01 -1.133219981511995429e+05 -6.600000000000000000e+01
-6.500000000000000000e+01 -1.085066648178662144e+05 -6.500000000000000000e+01
-6.400000000000000000e+01 -1.038293314845328860e+05 -6.400000000000000000e+01
-6.300000000000000000e+01 -9.928799815119955747e+04 -6.300000000000000000e+01
-6.200000000000000000e+01 -9.488066481786622899e+04 -6.200000000000000000e+01
-6.100000000000000000e+01 -9.060533148453291506e+04 -6.100000000000000000e+01
-6.000000000000000000e+01 -8.645999815119957202e+04 -6.000000000000000000e+01
-5.900000000000000000e+01 -8.244266481786624354e+04 -5.900000000000000000e+01
-5.800000000000000000e+01 -7.855133148453291506e+04 -5.800000000000000000e+01
-5.700000000000000000e+01 -7.478399815119958657e+04 -5.700000000000000000e+01
-5.600000000000000000e+01 -7.113866481786624354e+04 -5.600000000000000000e+01
-5.500000000000000000e+01 -6.761333148453291506e+04 -5.500000000000000000e+01
-5.400000000000000000e+01 -6.420599815119957930e+04 -5.400000000000000000e+01
-5.300000000000000000e+01 -6.091466481786625081e+04 -5.300000000000000000e+01
-5.200000000000000000e+01 -5.773733148453292961e+04 -5.200000000000000000e+01
-5.100000000000000000e+01 -5.467199815119959385e+04 -5.100000000000000000e+01
-5.000000000000000000e+01 -5.171666481786625809e+04 -5.000000000000000000e+01
-4.900000000000000000e+01 -4.886933148453292961e+04 -4.900000000000000000e+01
-4.800000000000000000e+01 -4.612799815119960840e+04 -4.800000000000000000e+01
-4.700000000000000000e+01 -4.349066481786627264e+04 -4.700000000000000000e+01
-4.600000000000000000e+01 -4.095533148453294416e+04 -4.600000000000000000e+01
-4.500000000000000000e+01 -3.851999815119960840e+04 -4.500000000000000000e+01
-4.400000000000000000e+01 -3.618266481786627992e+04 -4.400000000000000000e+01
-4.300000000000000000e+01 -3.394133148453295144e+04 -4.300000000000000000e+01
-4.200000000000000000e+01 -3.179399815119961568e+04 -4.200000000000000000e+01
-4.100000000000000000e+01 -2.973866481786628719e+04 -4.100000000000000000e+01
-4.000000000000000000e+01 -2.777333148453295871e+04 -4.000000000000000000e+01
-3.900000000000000000e+01 -2.589599815119962295e+04 -3.900000000000000000e+01
-3.800000000000000000e+01 -2.410466481786629447e+04 -3.800000000000000000e+01
-3.700000000000000000e+01 -2.239733148453295871e+04 -3.700000000000000000e+01
-3.600000000000000000e+01 -2.077199815119963023e+04 -3.600000000000000000e+01
-3.500000000000000000e+01 -1.922666481786629447e+04 -3.500000000000000000e+01
-3.400000000000000000e+01 -1.775933148453296235e+04 -3.400000000000000000e+01
-3.300000000000000000e+01 -1.636799815119963023e+04 -3.300000000000000000e+01
-3.200000000000000000e+01 -1.505066481786629811e+04 -3.200000000000000000e+01
-3.100000000000000000e+01 -1.380533148453296417e+04 -3.100000000000000000e+01
-3.000000000000000000e+01 -1.262999815119963387e+04 -3.000000000000000000e+01
-2.900000000000000000e+01 -1.152266481786629993e+04 -2.900000000000000000e+01
-2.800000000000000000e+01 -1.048133148453296781e+04 -2.800000000000000000e+01
-2.700000000000000000e+01 -9.503998151199633867e+03 -2.700000000000000000e+01
-2.600000000000000000e+01 -8.588664817866299927e+03 -2.600000000000000000e+01
-2.500000000000000000e+01 -7.733331484532964168e+03 -2.500000000000000000e+01
-2.400000000000000000e+01 -6.935998151199631138e+03 -2.400000000000000000e+01
-2.300000000000000000e+01 -6.194664817866296289e+03 -2.300000000000000000e+01
-2.200000000000000000e+01 -5.507331484532967806e+03 -2.200000000000000000e+01
-2.100000000000000000e+01 -4.871998151199632957e+03 -2.100000000000000000e+01
-2.000000000000000000e+01 -4.286664817866299018e+03 -2.000000000000000000e+01
-1.900000000000000000e+01 -3.749331484532966442e+03 -1.900000000000000000e+01
-1.800000000000000000e+01 -3.257998151199632048e+03 -1.800000000000000000e+01
-1.700000000000000000e+01 -2.810664817866299472e+03 -1.700000000000000000e+01
-1.600000000000000000e+01 -2.405331484532964623e+03 -1.600000000000000000e+01
-1.500000000000000000e+01 -2.039998151199631820e+03 -1.500000000000000000e+01
-1.400000000000000000e+01 -1.712664817866297426e+03 -1.400000000000000000e+01
-1.300000000000000000e+01 -1.421331484532964396e+03 -1.299999999999999645e+01
-1.200000000000000000e+01 -1.163998151199632275e+03 -1.200000000000000355e+01
-1.100000000000000000e+01 -9.386648178662986766e+02 -1.100000000000000000e+01
-1.000000000000000000e+01 -7.433314845329650780e+02 -1.000000000000000000e+01
-9.000000000000000000e+00 -5.759981511996314794e+02 -9.000000000000000000e+00
-8.000000000000000000e+00 -4.346648178662983355e+02 -8.000000000000000000e+00
-7.000000000000000000e+00 -3.173314845329647937e+02 -7.000000000000000000e+00
-6.000000000000000000e+00 -2.219981511996313088e+02 -6.000000000000000000e+00
-5.000000000000000000e+00 -1.466648178662978808e+02 -5.000000000000000000e+00
-4.000000000000000000e+00 -8.933148453296443847e+01 -4.000000000000000000e+00
-3.000000000000000000e+00 -4.799815119963085408e+01 -3.000000000000000000e+00
-2.000000000000000000e+00 -2.066481786629748285e+01 -2.000000000000000000e+00
-1.000000000000000000e+00 -5.331484532964267942e+00 -1.000000000000000000e+00
0.000000000000000000e+00 1.848800369202763250e-03 -1.776356839400250465e-15
1.000000000000000000e+00 -2.664817866297340743e+00 1.000000000000000000e+00
2.000000000000000000e+00 -1.133148453296391267e+01 2.000000000000000000e+00
3.000000000000000000e+00 -2.399815119963049881e+01 3.000000000000000000e+00
4.000000000000000000e+00 -3.866481786629712758e+01 4.000000000000000000e+00
5.000000000000000000e+00 -5.333148453296367109e+01 5.000000000000000000e+00
6.000000000000000000e+00 -6.599815119963024301e+01 5.999999999999999112e+00
7.000000000000000000e+00 -7.466481786629692863e+01 7.000000000000000000e+00
8.000000000000000000e+00 -7.733148453296352898e+01 8.000000000000000000e+00
9.000000000000000000e+00 -7.199815119963015775e+01 9.000000000000000000e+00
1.000000000000000000e+01 -5.666481786629678652e+01 1.000000000000000000e+01
1.100000000000000000e+01 -2.933148453296344371e+01 1.100000000000000000e+01
1.200000000000000000e+01 1.200184880036992041e+01 1.200000000000000000e+01
1.300000000000000000e+01 6.933518213370325611e+01 1.300000000000000000e+01
1.400000000000000000e+01 1.446685154670412885e+02 1.400000000000000000e+01
1.500000000000000000e+01 2.400018488003697712e+02 1.500000000000000000e+01
1.600000000000000000e+01 3.573351821336982539e+02 1.600000000000000000e+01
1.700000000000000000e+01 4.986685154670267366e+02 1.700000000000000000e+01
1.800000000000000000e+01 6.660018488003624952e+02 1.800000000000000000e+01
1.900000000000000000e+01 8.613351821337055298e+02 1.900000000000000000e+01
2.000000000000000000e+01 1.086668515467041289e+03 2.000000000000000000e+01
2.100000000000000000e+01 1.344001848800369771e+03 2.100000000000000000e+01
2.200000000000000000e+01 1.635335182133705530e+03 2.200000000000000000e+01
2.300000000000000000e+01 1.962668515467034013e+03 2.300000000000000000e+01
2.400000000000000000e+01 2.328001848800369771e+03 2.400000000000000000e+01
2.500000000000000000e+01 2.733335182133712806e+03 2.500000000000000000e+01
2.600000000000000000e+01 3.180668515467041289e+03 2.600000000000000355e+01
2.700000000000000000e+01 3.672001848800362495e+03 2.699999999999999645e+01
2.800000000000000000e+01 4.209335182133698254e+03 2.800000000000000000e+01
2.900000000000000000e+01 4.794668515467041289e+03 2.900000000000000000e+01
3.000000000000000000e+01 5.430001848800377047e+03 3.000000000000000000e+01
3.100000000000000000e+01 6.117335182133705530e+03 3.100000000000000000e+01
3.200000000000000000e+01 6.858668515467041289e+03 3.200000000000000000e+01
3.300000000000000000e+01 7.656001848800369771e+03 3.300000000000000000e+01
3.400000000000000000e+01 8.511335182133712806e+03 3.400000000000000000e+01
3.500000000000000000e+01 9.426668515467048564e+03 3.500000000000000000e+01
3.600000000000000000e+01 1.040400184880037705e+04 3.600000000000000000e+01
3.700000000000000000e+01 1.144533518213371281e+04 3.700000000000000000e+01
3.800000000000000000e+01 1.255266851546704129e+04 3.800000000000000000e+01
3.900000000000000000e+01 1.372800184880037705e+04 3.900000000000000000e+01
4.000000000000000000e+01 1.497333518213370553e+04 4.000000000000000000e+01
4.100000000000000000e+01 1.629066851546704493e+04 4.100000000000000000e+01
4.200000000000000000e+01 1.768200184880037705e+04 4.200000000000000000e+01
4.300000000000000000e+01 1.914933518213371281e+04 4.300000000000000000e+01
4.400000000000000000e+01 2.069466851546704493e+04 4.400000000000000000e+01
4.500000000000000000e+01 2.232000184880037341e+04 4.500000000000000000e+01
4.600000000000000000e+01 2.402733518213370917e+04 4.600000000000000000e+01
4.700000000000000000e+01 2.581866851546704493e+04 4.700000000000000000e+01
4.800000000000000000e+01 2.769600184880037705e+04 4.800000000000000000e+01
4.900000000000000000e+01 2.966133518213371281e+04 4.900000000000000000e+01
5.000000000000000000e+01 3.171666851546704129e+04 5.000000000000000000e+01
5.100000000000000000e+01 3.386400184880037705e+04 5.100000000000000000e+01
5.200000000000000000e+01 3.610533518213371281e+04 5.200000000000000000e+01
5.300000000000000000e+01 3.844266851546704129e+04 5.300000000000000000e+01
5.400000000000000000e+01 4.087800184880037705e+04 5.400000000000000000e+01
5.500000000000000000e+01 4.341333518213371281e+04 5.500000000000000000e+01
5.600000000000000000e+01 4.605066851546704856e+04 5.600000000000000000e+01
5.700000000000000000e+01 4.879200184880034067e+04 5.700000000000000000e+01
5.800000000000000000e+01 5.163933518213368370e+04 5.800000000000000000e+01
5.900000000000000000e+01 5.459466851546699763e+04 5.900000000000000000e+01
6.000000000000000000e+01 5.766000184880036977e+04 6.000000000000000000e+01
6.100000000000000000e+01 6.083733518213365460e+04 6.100000000000000000e+01
6.200000000000000000e+01 6.412866851546702674e+04 6.200000000000000000e+01
6.300000000000000000e+01 6.753600184880034067e+04 6.300000000000000000e+01
6.400000000000000000e+01 7.106133518213368370e+04 6.400000000000000000e+01
6.500000000000000000e+01 7.470666851546699763e+04 6.500000000000000000e+01
6.600000000000000000e+01 7.847400184880034067e+04 6.600000000000000000e+01
6.700000000000000000e+01 8.236533518213371281e+04 6.700000000000000000e+01
6.800000000000000000e+01 8.638266851546699763e+04 6.800000000000000000e+01
6.900000000000000000e+01 9.052800184880036977e+04 6.900000000000000000e+01
7.000000000000000000e+01 9.480333518213368370e+04 7.000000000000000000e+01
7.100000000000000000e+01 9.921066851546699763e+04 7.100000000000000000e+01
7.200000000000000000e+01 1.037520018488003698e+05 7.200000000000000000e+01
7.300000000000000000e+01 1.084293351821337128e+05 7.300000000000000000e+01
7.400000000000000000e+01 1.132446685154670267e+05 7.400000000000000000e+01
7.500000000000000000e+01 1.182000018488003698e+05 7.500000000000000000e+01
7.600000000000000000e+01 1.232973351821336837e+05 7.600000000000000000e+01
7.700000000000000000e+01 1.285386685154670267e+05 7.700000000000000000e+01
7.800000000000000000e+01 1.339260018488003698e+05 7.800000000000000000e+01
7.900000000000000000e+01 1.394613351821337128e+05 7.900000000000000000e+01
8.000000000000000000e+01 1.451466685154669976e+05 8.000000000000000000e+01
8.100000000000000000e+01 1.509840018488003698e+05 8.100000000000000000e+01
8.200000000000000000e+01 1.569753351821336837e+05 8.200000000000000000e+01
8.300000000000000000e+01 1.631226685154670267e+05 8.300000000000000000e+01
8.400000000000000000e+01 1.694280018488003698e+05 8.400000000000000000e+01
8.500000000000000000e+01 1.758933351821337128e+05 8.500000000000000000e+01
8.600000000000000000e+01 1.825206685154670267e+05 8.600000000000000000e+01
8.700000000000000000e+01 1.893120018488003698e+05 8.700000000000000000e+01
8.800000000000000000e+01 1.962693351821337128e+05 8.800000000000000000e+01
8.900000000000000000e+01 2.033946685154670267e+05 8.900000000000000000e+01
9.000000000000000000e+01 2.106900018488003698e+05 9.000000000000000000e+01
9.100000000000000000e+01 2.181573351821337128e+05 9.100000000000000000e+01
9.200000000000000000e+01 2.257986685154670267e+05 9.200000000000000000e+01
9.300000000000000000e+01 2.336160018488003698e+05 9.300000000000000000e+01
9.400000000000000000e+01 2.416113351821337128e+05 9.400000000000000000e+01
9.500000000000000000e+01 2.497866685154670267e+05 9.500000000000000000e+01
9.600000000000000000e+01 2.581440018488003698e+05 9.600000000000000000e+01
9.700000000000000000e+01 2.666853351821337128e+05 9.700000000000000000e+01
9.800000000000000000e+01 2.754126685154670267e+05 9.800000000000000000e+01
9.900000000000000000e+01 2.843280018488003407e+05 9.900000000000000000e+01
