-3.734333333333333139e+05
-3.627360000000000000e+05
-3.522446666666666861e+05
-3.419573333333333139e+05
-3.318720000000000000e+05
-3.219866666666666861e+05
-3.122993333333333139e+05
-3.028080000000000000e+05
-2.935106666666666279e+05
-2.844053333333333721e+05
-2.754900000000000000e+05
-2.667626666666666279e+05
-2.582213333333333430e+05
-2.498640000000000000e+05
-2.416886666666666570e+05
-2.336933333333333430e+05
-2.258760000000000000e+05
-2.182346666666666570e+05
-2.107673333333333430e+05
-2.034720000000000000e+05
-1.963466666666666570e+05
-1.893893333333333430e+05
-1.825980000000000000e+05
-1.759706666666666570e+05
-1.695053333333333430e+05
-1.632000000000000000e+05
-1.570526666666666570e+05
-1.510613333333333139e+05
-1.452240000000000000e+05
-1.395386666666666861e+05
-1.340033333333333139e+05
-1.286160000000000000e+05
-1.233746666666666715e+05
-1.182773333333333285e+05
-1.133220000000000000e+05
-1.085066666666666715e+05
-1.038293333333333285e+05
-9.928800000000000000e+04
-9.488066666666667152e+04
-9.060533333333332848e+04
-8.646000000000000000e+04
-8.244266666666667152e+04
-7.855133333333334303e+04
-7.478400000000000000e+04
-7.113866666666665697e+04
-6.761333333333334303e+04
-6.420600000000000000e+04
-6.091466666666666424e+04
-5.773733333333333576e+04
-5.467200000000000000e+04
-5.171666666666666424e+04
-4.886933333333333576e+04
-4.612800000000000000e+04
-4.349066666666666424e+04
-4.095533333333332848e+04
-3.852000000000000000e+04
-3.618266666666667152e+04
-3.394133333333332848e+04
-3.179400000000000000e+04
-2.973866666666666788e+04
-2.777333333333333212e+04
-2.589600000000000000e+04
-2.410466666666666788e+04
-2.239733333333333212e+04
-2.077200000000000000e+04
-1.922666666666666424e+04
-1.775933333333333576e+04
-1.636800000000000000e+04
-1.505066666666666606e+04
-1.380533333333333394e+04
-1.263000000000000000e+04
-1.152266666666666788e+04
-1.048133333333333212e+04
-9.504000000000000000e+03
-8.588666666666667879e+03
-7.733333333333333030e+03
-6.936000000000000000e+03
-6.194666666666666060e+03
-5.507333333333333940e+03
-4.872000000000000000e+03
-4.286666666666666060e+03
-3.749333333333333485e+03
-3.258000000000000000e+03
-2.810666666666666970e+03
-2.405333333333333030e+03
-2.040000000000000000e+03
-1.712666666666666515e+03
-1.421333333333333485e+03
-1.164000000000000000e+03
-9.386666666666667425e+02
-7.433333333333332575e+02
-5.760000000000000000e+02
-4.346666666666666288e+02
-3.173333333333333144e+02
-2.220000000000000000e+02
-1.466666666666666572e+02
-8.933333333333332860e+01
-4.800000000000000000e+01
-2.066666666666666785e+01
-5.333333333333333037e+00
0.000000000000000000e+00
-2.666666666666666519e+00
-1.133333333333333393e+01
-2.400000000000000000e+01
-3.866666666666667140e+01
-5.333333333333333570e+01
-6.600000000000000000e+01
-7.466666666666667140e+01
-7.733333333333334281e+01
-7.200000000000000000e+01
-5.666666666666668561e+01
-2.933333333333331439e+01
1.200000000000000000e+01
6.933333333333337123e+01
1.446666666666666288e+02
2.400000000000000000e+02
3.573333333333332575e+02
4.986666666666667425e+02
6.660000000000000000e+02
8.613333333333334849e+02
1.086666666666666515e+03
1.344000000000000000e+03
1.635333333333333485e+03
1.962666666666666515e+03
2.328000000000000000e+03
2.733333333333333030e+03
3.180666666666666970e+03
3.672000000000000000e+03
4.209333333333333030e+03
4.794666666666666970e+03
5.430000000000000000e+03
6.117333333333333940e+03
6.858666666666666060e+03
7.656000000000000000e+03
8.511333333333333940e+03
9.426666666666666060e+03
1.040400000000000000e+04
1.144533333333333212e+04
1.255266666666666788e+04
1.372800000000000000e+04
1.497333333333333212e+04
1.629066666666666788e+04
1.768200000000000000e+04
1.914933333333333212e+04
2.069466666666666788e+04
2.232000000000000000e+04
2.402733333333333212e+04
2.581866666666666424e+04
2.769600000000000000e+04
2.966133333333333576e+04
3.171666666666666424e+04
3.386400000000000000e+04
3.610533333333333576e+04
3.844266666666666424e+04
4.087800000000000000e+04
4.341333333333333576e+04
4.605066666666666424e+04
4.879200000000000000e+04
5.163933333333333576e+04
5.459466666666667152e+04
5.766000000000000000e+04
6.083733333333332848e+04
6.412866666666667152e+04
6.753600000000000000e+04
7.106133333333332848e+04
7.470666666666667152e+04
7.847400000000000000e+04
8.236533333333332848e+04
8.638266666666667152e+04
9.052800000000000000e+04
9.480333333333332848e+04
9.921066666666667152e+04
1.037520000000000000e+05
1.084293333333333285e+05
1.132446666666666570e+05
1.182000000000000000e+05
1.232973333333333430e+05
1.285386666666666570e+05
1.339260000000000000e+05
1.394613333333333430e+05
1.451466666666666570e+05
1.509840000000000000e+05
1.569753333333333430e+05
1.631226666666666570e+05
1.694280000000000000e+05
1.758933333333333430e+05
1.825206666666666570e+05
1.893120000000000000e+05
1.962693333333333430e+05
2.033946666666666570e+05
2.106900000000000000e+05
2.181573333333333430e+05
2.257986666666666570e+05
2.336160000000000000e+05
2.416113333333333139e+05
2.497866666666666861e+05
2.581440000000000000e+05
2.666853333333333139e+05
2.754126666666666861e+05
2.843280000000000000e+05
