0.000000000000000000e+00
1.000000000000000021e-02
1.600000000000000033e-01
8.100000000000000533e-01
2.560000000000000053e+00
6.250000000000000000e+00
1.296000000000000085e+01
2.401000000000000156e+01
4.096000000000000085e+01
6.560999999999999943e+01
1.000000000000000000e+02
1.464099999999999966e+02
2.073600000000000136e+02
2.856100000000000136e+02
3.841600000000000250e+02
5.062500000000000000e+02
6.553600000000000136e+02
8.352100000000000364e+02
1.049759999999999991e+03
1.303210000000000036e+03
1.600000000000000000e+03
1.944809999999999945e+03
2.342559999999999945e+03
2.798409999999999854e+03
3.317760000000000218e+03
3.906250000000000000e+03
4.569760000000000218e+03
5.314409999999999854e+03
6.146560000000000400e+03
7.072810000000000400e+03
8.100000000000000000e+03
9.235210000000000946e+03
1.048576000000000022e+04
1.185921000000000095e+04
1.336336000000000058e+04
1.500625000000000000e+04
1.679615999999999985e+04
1.874161000000000058e+04
2.085136000000000058e+04
2.313440999999999985e+04
2.560000000000000000e+04
2.825761000000000058e+04
3.111695999999999913e+04
3.418801000000000204e+04
3.748095999999999913e+04
4.100625000000000000e+04
4.477455999999999767e+04
4.879680999999999767e+04
5.308416000000000349e+04
5.764801000000000204e+04
6.250000000000000000e+04
6.765200999999999476e+04
7.311616000000000349e+04
7.890480999999999767e+04
8.503055999999999767e+04
9.150625000000000000e+04
9.834496000000000640e+04
1.055600100000000093e+05
1.131649600000000064e+05
1.211736100000000006e+05
1.296000000000000000e+05
1.384584100000000035e+05
1.477633600000000151e+05
1.575296100000000151e+05
1.677721600000000035e+05
1.785062500000000000e+05
1.897473600000000151e+05
2.015112099999999919e+05
2.138137600000000093e+05
2.266712099999999919e+05
2.401000000000000000e+05
2.541168099999999977e+05
2.687385599999999977e+05
2.839824100000000326e+05
2.998657600000000093e+05
3.164062500000000000e+05
3.336217600000000093e+05
3.515304100000000326e+05
3.701505599999999977e+05
3.895008099999999977e+05
4.096000000000000000e+05
4.304672100000000210e+05
4.521217600000000093e+05
4.745832100000000210e+05
4.978713599999999860e+05
5.220062500000000000e+05
5.470081600000000326e+05
5.728976099999999860e+05
5.996953599999999860e+05
6.274224100000000326e+05
6.561000000000000000e+05
6.857496099999999860e+05
7.163929599999999627e+05
7.480520100000000093e+05
7.807489599999999627e+05
8.145062500000000000e+05
8.493465600000000559e+05
8.852928100000000559e+05
9.223681600000000326e+05
9.605960100000000093e+05
1.000000000000000000e+06
