0.000000000000000000e+00 0.000000000000000000e+00 1.000000000000000000e+00
1.000000000000000000e+00 1.166804104173659463e-04 1.999999999999999556e+00
2.000000000000000000e+00 4.333470770840326756e-04 2.999999999999999556e+00
3.000000000000000000e+00 1.050013743750699297e-03 4.000000000000000000e+00
4.000000000000000000e+00 2.066680410417365884e-03 5.000000000000000000e+00
5.000000000000000000e+00 3.583347077084033782e-03 6.000000000000000000e+00
6.000000000000000000e+00 5.700013743750701085e-03 7.000000000000000000e+00
7.000000000000000000e+00 8.516680410417368924e-03 8.000000000000000000e+00
8.000000000000000000e+00 1.213334707708402238e-02 9.000000000000000000e+00
9.000000000000000000e+00 1.665001374375063570e-02 1.000000000000000000e+01
1.000000000000000000e+01 2.216668041041730541e-02 1.100000000000000000e+01
1.100000000000000000e+01 2.878334707708396500e-02 1.200000000000000000e+01
1.200000000000000000e+01 3.660001374375065897e-02 1.300000000000000000e+01
1.300000000000000000e+01 4.571668041041734853e-02 1.400000000000000000e+01
1.400000000000000000e+01 5.623334707708399494e-02 1.500000000000000000e+01
1.500000000000000000e+01 6.825001374375064267e-02 1.600000000000000000e+01
1.600000000000000000e+01 8.186668041041733623e-02 1.700000000000000000e+01
1.700000000000000000e+01 9.718334707708398135e-02 1.800000000000000000e+01
1.800000000000000000e+01 1.143000137437506780e-01 1.900000000000000000e+01
1.900000000000000000e+01 1.333166804104173320e-01 2.000000000000000000e+01
2.000000000000000000e+01 1.543333470770840155e-01 2.100000000000000000e+01
2.100000000000000000e+01 1.774500137437506619e-01 2.200000000000000000e+01
2.200000000000000000e+01 2.027666804104173437e-01 2.300000000000000000e+01
2.300000000000000000e+01 2.303833470770839942e-01 2.400000000000000000e+01
2.400000000000000000e+01 2.604000137437506579e-01 2.500000000000000000e+01
2.500000000000000000e+01 2.929166804104175181e-01 2.600000000000000000e+01
2.600000000000000000e+01 3.280333470770840920e-01 2.700000000000000000e+01
2.700000000000000000e+01 3.658500137437508126e-01 2.800000000000000000e+01
2.800000000000000000e+01 4.064666804104174469e-01 2.900000000000000000e+01
2.900000000000000000e+01 4.499833470770842059e-01 3.000000000000000000e+01
3.000000000000000000e+01 4.965000137437506345e-01 3.100000000000000000e+01
3.100000000000000000e+01 5.461166804104173877e-01 3.200000000000000000e+01
3.200000000000000000e+01 5.989333470770841217e-01 3.300000000000000000e+01
3.300000000000000000e+01 6.550500137437508252e-01 3.400000000000000000e+01
3.400000000000000000e+01 7.145666804104173764e-01 3.500000000000000000e+01
3.500000000000000000e+01 7.775833470770840972e-01 3.600000000000000000e+01
3.600000000000000000e+01 8.442000137437508656e-01 3.700000000000000000e+01
3.700000000000000000e+01 9.145166804104174485e-01 3.800000000000000000e+01
3.800000000000000000e+01 9.886333470770840570e-01 3.900000000000000000e+01
3.900000000000000000e+01 1.066650013743750680e+00 4.000000000000000000e+01
4.000000000000000000e+01 1.148666680410417529e+00 4.100000000000000000e+01
4.100000000000000000e+01 1.234783347077084148e+00 4.200000000000000000e+01
4.200000000000000000e+01 1.325100013743750527e+00 4.300000000000000000e+01
4.300000000000000000e+01 1.419716680410417320e+00 4.400000000000000000e+01
4.400000000000000000e+01 1.518733347077084073e+00 4.500000000000000000e+01
4.500000000000000000e+01 1.622250013743750996e+00 4.600000000000000000e+01
4.600000000000000000e+01 1.730366680410417413e+00 4.700000000000000000e+01
4.700000000000000000e+01 1.843183347077083978e+00 4.800000000000000000e+01
4.800000000000000000e+01 1.960800013743750680e+00 4.900000000000000000e+01
4.900000000000000000e+01 2.083316680410417288e+00 5.000000000000000000e+01
5.000000000000000000e+01 2.210833347077084010e+00 5.100000000000000000e+01
5.100000000000000000e+01 2.343450013743750837e+00 5.200000000000000000e+01
5.200000000000000000e+01 2.481266680410417536e+00 5.300000000000000000e+01
5.300000000000000000e+01 2.624383347077083872e+00 5.400000000000000000e+01
5.400000000000000000e+01 2.772900013743750947e+00 5.500000000000000000e+01
5.500000000000000000e+01 2.926916680410417193e+00 5.600000000000000000e+01
5.600000000000000000e+01 3.086533347077084155e+00 5.700000000000000000e+01
5.700000000000000000e+01 3.251850013743750711e+00 5.800000000000000000e+01
5.800000000000000000e+01 3.422966680410417517e+00 5.900000000000000000e+01
5.900000000000000000e+01 3.599983347077083895e+00 6.000000000000000000e+01
6.000000000000000000e+01 3.783000013743750944e+00 6.100000000000000000e+01
6.100000000000000000e+01 3.972116680410417544e+00 6.200000000000000000e+01
6.200000000000000000e+01 4.167433347077084349e+00 6.300000000000000000e+01
6.300000000000000000e+01 4.369050013743750682e+00 6.400000000000000000e+01
6.400000000000000000e+01 4.577066680410417199e+00 6.500000000000000000e+01
6.500000000000000000e+01 4.791583347077084554e+00 6.600000000000000000e+01
6.600000000000000000e+01 5.012700013743749849e+00 6.700000000000000000e+01
6.700000000000000000e+01 5.240516680410417294e+00 6.800000000000000000e+01
6.800000000000000000e+01 5.475133347077083990e+00 6.900000000000000000e+01
6.900000000000000000e+01 5.716650013743750591e+00 7.000000000000000000e+01
7.000000000000000000e+01 5.965166680410417754e+00 7.100000000000000000e+01
7.100000000000000000e+01 6.220783347077083469e+00 7.200000000000000000e+01
7.200000000000000000e+01 6.483600013743750168e+00 7.300000000000000000e+01
7.300000000000000000e+01 6.753716680410416728e+00 7.400000000000000000e+01
7.400000000000000000e+01 7.031233347077083806e+00 7.500000000000000000e+01
7.500000000000000000e+01 7.316250013743768932e+00 7.600000000000000000e+01
7.600000000000000000e+01 7.608866680410471872e+00 7.700000000000000000e+01
7.700000000000000000e+01 7.909183347077146209e+00 7.800000000000000000e+01
7.800000000000000000e+01 8.217300013743766840e+00 7.900000000000000000e+01
7.900000000000000000e+01 8.533316680410450772e+00 8.000000000000000000e+01
8.000000000000000000e+01 8.857333347077116059e+00 8.100000000000000000e+01
8.100000000000000000e+01 9.189450013743794443e+00 8.200000000000000000e+01
8.200000000000000000e+01 9.529766680410489244e+00 8.300000000000000000e+01
8.300000000000000000e+01 9.878383347077090093e+00 8.400000000000000000e+01
8.400000000000000000e+01 1.023540001374377084e+01 8.500000000000000000e+01
8.500000000000000000e+01 1.060091668041044954e+01 8.600000000000000000e+01
8.600000000000000000e+01 1.097503334707712952e+01 8.700000000000000000e+01
8.700000000000000000e+01 1.135785001374381409e+01 8.800000000000000000e+01
8.800000000000000000e+01 1.174946668041044973e+01 8.900000000000000000e+01
8.900000000000000000e+01 1.214998334707718186e+01 9.000000000000000000e+01
9.000000000000000000e+01 1.255950001374378644e+01 9.100000000000000000e+01
9.100000000000000000e+01 1.297811668041046573e+01 9.200000000000000000e+01
9.200000000000000000e+01 1.340593334707713780e+01 9.300000000000000000e+01
9.300000000000000000e+01 1.384305001374377753e+01 9.400000000000000000e+01
9.400000000000000000e+01 1.428956668041044509e+01 9.500000000000000000e+01
9.500000000000000000e+01 1.474558334707711538e+01 9.600000000000000000e+01
9.600000000000000000e+01 1.521120001374379171e+01 9.700000000000000000e+01
9.700000000000000000e+01 1.568651668041044900e+01 9.800000000000000000e+01
9.800000000000000000e+01 1.617163334707714739e+01 9.900000000000000000e+01
9.900000000000000000e+01 1.666665001374383337e+01 1.000000000000000000e+02
1.000000000000000000e+02 1.717166668041045341e+01 1.010000000000000000e+02
